Taxon	JR011	JR015	JR045	JR001	JR004	JR005	JR007	JR006	JR009	JR010	JR012	JR013	JR016	JR017	JR018	JR019	JR020	JR021	JR022	JR023	JR024	JR026	JR027	JR029	JR030	JR031	JR032	JR033	JR034	JR035	JR036	JR037	JR038	JR040	JR041	JR042	JR043	JR046	JR049	JR048	JR051	JR052	JR054	JR055	JR057	JR058	JR059	JR060	JR061	JR062	JR063	JR065	JR066	JR067	JR068	JR069	JR071	JR070	JR072	JR074	JR073	JR076	JR077	JR075	JR078	JR079	JR080	JR081	JR082	JR083	JR084	JR085	JR087	JR088	JR089	JR090	JR091	JR092	JR093	JR094	JR095	JR096	JR050	JR053	JR086	JR002	JR003	JR008	JR014	JR025	JR028	JR039	JR044	JR047	JR056	JR064
Unassigned;Other;Other;Other;Other;Other	37.0	59.0	15.0	58.0	33.0	51.0	58.0	76.0	63.0	42.0	133.0	14.0	17.0	31.0	51.0	55.0	40.0	69.0	13.0	54.0	6.0	48.0	66.0	32.0	54.0	56.0	15.0	39.0	18.0	13.0	59.0	38.0	55.0	40.0	36.0	31.0	43.0	26.0	16.0	36.0	48.0	36.0	13.0	31.0	8.0	16.0	7.0	11.0	48.0	9.0	12.0	57.0	11.0	15.0	5.0	25.0	13.0	14.0	11.0	28.0	14.0	30.0	66.0	14.0	46.0	49.0	74.0	10.0	16.0	15.0	4.0	53.0	61.0	54.0	11.0	20.0	12.0	6.0	88.0	15.0	39.0	45.0	2.0	22.0	21.0	12.0	42.0	32.0	56.0	4.0	34.0	8.0	18.0	10.0	11.0	9.0
k__Bacteria;p__Actinobacteria;c__Actinobacteria;o__Bifidobacteriales;f__Bifidobacteriaceae;g__Bifidobacterium	0.0	0.0	0.0	1.0	0.0	0.0	0.0	5.0	0.0	0.0	0.0	0.0	0.0	2.0	0.0	1.0	0.0	0.0	0.0	0.0	2.0	0.0	0.0	0.0	0.0	1.0	4.0	25.0	0.0	0.0	0.0	0.0	0.0	0.0	0.0	0.0	0.0	0.0	42.0	0.0	0.0	0.0	0.0	0.0	0.0	0.0	0.0	0.0	0.0	0.0	0.0	0.0	0.0	0.0	3.0	0.0	0.0	0.0	0.0	0.0	0.0	0.0	0.0	0.0	0.0	1.0	0.0	0.0	0.0	0.0	0.0	29.0	0.0	0.0	0.0	0.0	0.0	0.0	0.0	0.0	0.0	2.0	0.0	0.0	0.0	0.0	0.0	0.0	1.0	0.0	1.0	0.0	0.0	0.0	0.0	0.0
k__Bacteria;p__Actinobacteria;c__Coriobacteriia;o__Coriobacteriales;f__Coriobacteriaceae;g__Adlercreutzia	2.0	0.0	2.0	2.0	1.0	4.0	0.0	1.0	1.0	1.0	2.0	1.0	0.0	0.0	0.0	0.0	2.0	0.0	0.0	0.0	0.0	1.0	1.0	0.0	0.0	0.0	0.0	1.0	0.0	0.0	1.0	2.0	2.0	1.0	0.0	1.0	0.0	0.0	3.0	0.0	0.0	3.0	2.0	5.0	0.0	2.0	2.0	1.0	0.0	4.0	3.0	1.0	2.0	0.0	0.0	4.0	2.0	1.0	1.0	4.0	0.0	5.0	1.0	3.0	6.0	0.0	3.0	0.0	0.0	3.0	1.0	7.0	0.0	6.0	0.0	1.0	0.0	0.0	3.0	1.0	1.0	0.0	1.0	3.0	1.0	0.0	3.0	0.0	3.0	0.0	1.0	0.0	0.0	1.0	0.0	5.0
k__Bacteria;p__Bacteroidetes;c__Bacteroidia;o__Bacteroidales;f__Rikenellaceae;g__	1094.0	640.0	5.0	1604.0	1212.0	150.0	830.0	1335.0	7.0	180.0	750.0	2517.0	1212.0	315.0	1028.0	1631.0	130.0	1489.0	2179.0	22.0	2191.0	196.0	618.0	1050.0	1671.0	526.0	1380.0	1339.0	881.0	487.0	891.0	861.0	734.0	245.0	396.0	244.0	131.0	432.0	173.0	1230.0	270.0	452.0	190.0	133.0	67.0	33.0	202.0	60.0	93.0	213.0	1235.0	518.0	153.0	129.0	67.0	156.0	386.0	158.0	129.0	601.0	359.0	57.0	117.0	222.0	174.0	146.0	266.0	200.0	50.0	277.0	96.0	159.0	81.0	98.0	112.0	76.0	142.0	67.0	25.0	54.0	106.0	104.0	130.0	341.0	41.0	2793.0	2438.0	1745.0	1518.0	1319.0	594.0	1269.0	283.0	129.0	42.0	127.0
k__Bacteria;p__Bacteroidetes;c__Bacteroidia;o__Bacteroidales;f__S24-7;g__	3219.0	5160.0	2139.0	3887.0	5198.0	2611.0	3970.0	5495.0	755.0	3009.0	3009.0	2901.0	4371.0	2779.0	4742.0	3477.0	414.0	1964.0	4057.0	4888.0	47.0	4056.0	4550.0	5535.0	4078.0	4258.0	5197.0	5434.0	3396.0	1904.0	7929.0	5395.0	8012.0	4974.0	4999.0	2980.0	4820.0	3737.0	2284.0	5283.0	4627.0	3296.0	3910.0	3297.0	5617.0	3953.0	6267.0	5091.0	5010.0	3816.0	10122.0	6037.0	6389.0	6101.0	7598.0	6930.0	4389.0	6850.0	2750.0	6512.0	8257.0	3491.0	4529.0	4763.0	6346.0	4096.0	5430.0	4247.0	8232.0	7748.0	6134.0	4746.0	5429.0	4761.0	4637.0	1918.0	3903.0	3739.0	3292.0	6976.0	3125.0	2925.0	5428.0	4513.0	3250.0	1854.0	825.0	4830.0	4545.0	4316.0	2858.0	6352.0	6906.0	3936.0	4221.0	6225.0
k__Bacteria;p__Bacteroidetes;c__Cytophagia;o__Cytophagales;f__Cytophagaceae;g__	0.0	0.0	0.0	0.0	0.0	0.0	0.0	0.0	0.0	0.0	0.0	0.0	0.0	0.0	0.0	0.0	0.0	0.0	0.0	0.0	0.0	0.0	0.0	0.0	0.0	0.0	0.0	0.0	0.0	0.0	0.0	0.0	0.0	0.0	0.0	0.0	0.0	0.0	0.0	2.0	0.0	0.0	0.0	0.0	0.0	0.0	0.0	0.0	0.0	0.0	0.0	0.0	0.0	0.0	0.0	0.0	0.0	0.0	0.0	0.0	0.0	0.0	0.0	0.0	0.0	0.0	0.0	0.0	0.0	0.0	0.0	0.0	0.0	0.0	0.0	0.0	0.0	0.0	0.0	0.0	0.0	0.0	0.0	0.0	0.0	0.0	0.0	0.0	0.0	0.0	0.0	0.0	0.0	0.0	0.0	0.0
k__Bacteria;p__Bacteroidetes;c__Flavobacteriia;o__Flavobacteriales;f__Flavobacteriaceae;g__Flavobacterium	0.0	0.0	0.0	0.0	0.0	0.0	0.0	0.0	0.0	0.0	0.0	0.0	0.0	0.0	0.0	1.0	0.0	0.0	0.0	0.0	0.0	0.0	0.0	0.0	0.0	0.0	0.0	0.0	0.0	0.0	0.0	0.0	0.0	0.0	0.0	0.0	0.0	0.0	0.0	0.0	0.0	0.0	0.0	0.0	0.0	0.0	0.0	0.0	0.0	0.0	0.0	0.0	0.0	0.0	0.0	0.0	0.0	0.0	0.0	0.0	0.0	0.0	0.0	0.0	0.0	0.0	0.0	0.0	0.0	0.0	0.0	0.0	0.0	0.0	0.0	0.0	0.0	0.0	0.0	0.0	0.0	0.0	0.0	0.0	0.0	0.0	0.0	0.0	0.0	0.0	0.0	0.0	0.0	1.0	0.0	0.0
k__Bacteria;p__Bacteroidetes;c__Flavobacteriia;o__Flavobacteriales;f__[Weeksellaceae];g__Chryseobacterium	0.0	0.0	0.0	0.0	0.0	0.0	0.0	0.0	0.0	0.0	0.0	0.0	0.0	0.0	0.0	0.0	0.0	0.0	0.0	1.0	0.0	0.0	0.0	0.0	0.0	0.0	0.0	0.0	0.0	0.0	0.0	0.0	0.0	0.0	0.0	0.0	0.0	0.0	0.0	0.0	0.0	0.0	0.0	0.0	0.0	0.0	0.0	0.0	0.0	0.0	0.0	0.0	0.0	0.0	0.0	0.0	0.0	0.0	0.0	0.0	0.0	0.0	0.0	0.0	0.0	0.0	0.0	0.0	0.0	0.0	0.0	0.0	0.0	0.0	0.0	0.0	0.0	0.0	0.0	0.0	0.0	0.0	1.0	0.0	0.0	0.0	0.0	0.0	0.0	0.0	0.0	0.0	0.0	0.0	0.0	0.0
k__Bacteria;p__Chloroflexi;c__Chloroflexi;o__Herpetosiphonales;f__;g__	1.0	0.0	0.0	0.0	0.0	0.0	1.0	0.0	0.0	0.0	0.0	0.0	0.0	0.0	0.0	1.0	0.0	0.0	0.0	0.0	0.0	1.0	0.0	0.0	0.0	0.0	0.0	0.0	0.0	0.0	0.0	0.0	0.0	0.0	0.0	1.0	0.0	0.0	2.0	0.0	0.0	0.0	1.0	0.0	0.0	0.0	0.0	0.0	0.0	0.0	0.0	0.0	0.0	0.0	0.0	0.0	0.0	0.0	0.0	0.0	0.0	0.0	0.0	0.0	0.0	0.0	0.0	0.0	0.0	0.0	0.0	0.0	0.0	1.0	0.0	0.0	0.0	0.0	0.0	0.0	0.0	0.0	0.0	0.0	0.0	0.0	0.0	0.0	0.0	1.0	0.0	0.0	0.0	0.0	0.0	0.0
k__Bacteria;p__Cyanobacteria;c__Chloroplast;o__Stramenopiles;f__;g__	0.0	0.0	0.0	0.0	0.0	0.0	0.0	0.0	0.0	0.0	0.0	0.0	0.0	0.0	0.0	0.0	0.0	0.0	0.0	0.0	0.0	0.0	0.0	0.0	0.0	0.0	0.0	0.0	0.0	0.0	0.0	0.0	0.0	0.0	0.0	0.0	0.0	0.0	0.0	0.0	0.0	0.0	0.0	0.0	0.0	0.0	0.0	0.0	0.0	0.0	0.0	0.0	0.0	0.0	0.0	0.0	0.0	0.0	0.0	0.0	0.0	0.0	0.0	0.0	0.0	0.0	0.0	0.0	0.0	0.0	0.0	0.0	0.0	0.0	0.0	0.0	0.0	0.0	0.0	0.0	0.0	0.0	0.0	0.0	0.0	0.0	0.0	0.0	0.0	0.0	1.0	0.0	0.0	0.0	0.0	0.0
k__Bacteria;p__Firmicutes;c__Bacilli;o__Lactobacillales;f__;g__	4.0	0.0	2.0	0.0	1.0	0.0	6.0	0.0	7.0	3.0	2.0	4.0	6.0	4.0	3.0	2.0	2.0	2.0	0.0	2.0	23.0	4.0	0.0	2.0	0.0	0.0	1.0	0.0	1.0	26.0	0.0	0.0	0.0	2.0	0.0	1.0	0.0	3.0	0.0	1.0	0.0	0.0	0.0	0.0	0.0	0.0	0.0	0.0	0.0	0.0	0.0	0.0	0.0	0.0	0.0	0.0	0.0	0.0	0.0	0.0	0.0	0.0	0.0	0.0	0.0	0.0	0.0	0.0	0.0	0.0	0.0	0.0	0.0	0.0	0.0	0.0	0.0	0.0	0.0	0.0	0.0	0.0	0.0	0.0	0.0	3.0	0.0	1.0	1.0	2.0	0.0	0.0	0.0	1.0	0.0	0.0
k__Bacteria;p__Firmicutes;c__Bacilli;o__Lactobacillales;f__Enterococcaceae;Other	2.0	0.0	0.0	0.0	0.0	2.0	1.0	0.0	3.0	1.0	0.0	0.0	1.0	1.0	0.0	0.0	1.0	1.0	0.0	2.0	1.0	0.0	0.0	0.0	0.0	1.0	0.0	0.0	0.0	5.0	0.0	0.0	0.0	0.0	0.0	0.0	0.0	0.0	0.0	0.0	0.0	0.0	0.0	0.0	0.0	0.0	0.0	0.0	0.0	0.0	0.0	0.0	0.0	0.0	0.0	0.0	0.0	0.0	0.0	0.0	0.0	0.0	0.0	0.0	0.0	0.0	0.0	0.0	0.0	0.0	0.0	0.0	0.0	0.0	0.0	0.0	0.0	0.0	0.0	0.0	0.0	0.0	0.0	0.0	0.0	0.0	0.0	0.0	1.0	0.0	0.0	0.0	0.0	0.0	0.0	0.0
k__Bacteria;p__Firmicutes;c__Bacilli;o__Lactobacillales;f__Enterococcaceae;g__	0.0	0.0	0.0	0.0	0.0	0.0	1.0	0.0	1.0	0.0	0.0	0.0	0.0	0.0	0.0	0.0	0.0	0.0	0.0	0.0	1.0	0.0	0.0	0.0	0.0	0.0	0.0	0.0	0.0	1.0	0.0	0.0	0.0	1.0	0.0	0.0	1.0	0.0	0.0	0.0	0.0	0.0	0.0	0.0	0.0	0.0	0.0	1.0	0.0	0.0	0.0	0.0	0.0	0.0	0.0	0.0	0.0	0.0	0.0	0.0	0.0	0.0	0.0	0.0	0.0	0.0	0.0	0.0	0.0	0.0	0.0	0.0	0.0	0.0	0.0	0.0	0.0	0.0	0.0	0.0	0.0	0.0	0.0	0.0	0.0	0.0	0.0	1.0	0.0	0.0	0.0	0.0	0.0	0.0	0.0	0.0
k__Bacteria;p__Firmicutes;c__Bacilli;o__Lactobacillales;f__Enterococcaceae;g__Enterococcus	21.0	2.0	8.0	0.0	0.0	23.0	35.0	0.0	61.0	19.0	8.0	5.0	28.0	21.0	18.0	13.0	6.0	15.0	0.0	15.0	77.0	4.0	1.0	20.0	0.0	9.0	13.0	3.0	2.0	179.0	0.0	0.0	0.0	24.0	6.0	0.0	6.0	22.0	1.0	9.0	0.0	0.0	0.0	0.0	0.0	0.0	0.0	0.0	0.0	0.0	0.0	2.0	0.0	0.0	0.0	1.0	0.0	0.0	0.0	4.0	0.0	0.0	0.0	0.0	0.0	0.0	0.0	1.0	0.0	1.0	0.0	0.0	0.0	0.0	0.0	0.0	0.0	0.0	0.0	0.0	0.0	0.0	0.0	0.0	0.0	30.0	1.0	15.0	2.0	1.0	2.0	2.0	2.0	1.0	0.0	0.0
k__Bacteria;p__Firmicutes;c__Bacilli;o__Lactobacillales;f__Lactobacillaceae;g__Lactobacillus	2.0	1.0	0.0	4.0	20.0	10.0	24.0	8.0	4.0	7.0	157.0	5.0	15.0	4.0	13.0	4.0	72.0	2.0	23.0	4.0	2.0	1.0	7.0	10.0	13.0	0.0	16.0	20.0	4.0	3.0	107.0	38.0	38.0	3.0	2.0	8.0	21.0	9.0	31.0	3.0	7.0	273.0	4.0	4.0	5.0	5.0	4.0	19.0	5.0	17.0	13.0	3.0	13.0	19.0	7.0	3.0	31.0	2.0	79.0	32.0	1.0	18.0	37.0	1.0	0.0	40.0	95.0	98.0	49.0	15.0	24.0	22.0	2.0	87.0	2.0	17.0	31.0	21.0	14.0	1.0	62.0	51.0	5.0	4.0	23.0	12.0	5.0	0.0	60.0	2.0	25.0	1.0	3.0	1.0	0.0	3.0
k__Bacteria;p__Firmicutes;c__Bacilli;o__Lactobacillales;f__Streptococcaceae;g__Lactococcus	0.0	0.0	0.0	8.0	6.0	1.0	0.0	0.0	0.0	0.0	0.0	0.0	0.0	0.0	0.0	0.0	0.0	0.0	0.0	0.0	0.0	0.0	0.0	0.0	0.0	0.0	0.0	0.0	0.0	0.0	0.0	0.0	0.0	0.0	0.0	2.0	0.0	0.0	0.0	0.0	0.0	0.0	0.0	0.0	0.0	0.0	0.0	0.0	0.0	0.0	0.0	1.0	0.0	0.0	0.0	0.0	0.0	0.0	0.0	0.0	0.0	0.0	0.0	0.0	0.0	0.0	0.0	0.0	0.0	0.0	0.0	0.0	0.0	0.0	0.0	0.0	0.0	0.0	0.0	0.0	0.0	0.0	0.0	0.0	0.0	4.0	10.0	0.0	0.0	0.0	0.0	0.0	0.0	0.0	0.0	0.0
k__Bacteria;p__Firmicutes;c__Bacilli;o__Lactobacillales;f__Streptococcaceae;g__Streptococcus	0.0	0.0	0.0	1.0	0.0	0.0	0.0	0.0	0.0	1.0	0.0	0.0	0.0	0.0	0.0	0.0	2.0	0.0	0.0	0.0	2.0	0.0	0.0	0.0	0.0	0.0	0.0	0.0	0.0	0.0	0.0	0.0	0.0	1.0	0.0	0.0	0.0	0.0	0.0	0.0	1.0	0.0	1.0	1.0	0.0	0.0	2.0	0.0	0.0	0.0	0.0	1.0	1.0	1.0	0.0	0.0	0.0	0.0	0.0	0.0	0.0	0.0	3.0	1.0	1.0	3.0	2.0	0.0	0.0	0.0	1.0	1.0	1.0	0.0	1.0	2.0	0.0	2.0	0.0	0.0	0.0	0.0	0.0	0.0	0.0	1.0	0.0	0.0	0.0	0.0	0.0	1.0	0.0	0.0	0.0	0.0
k__Bacteria;p__Firmicutes;c__Bacilli;o__Turicibacterales;f__Turicibacteraceae;g__Turicibacter	0.0	3.0	1.0	0.0	0.0	0.0	1.0	3.0	3.0	0.0	0.0	0.0	0.0	1.0	0.0	0.0	0.0	1.0	2.0	1.0	0.0	1.0	1.0	1.0	1.0	0.0	0.0	0.0	0.0	1.0	0.0	0.0	0.0	0.0	0.0	1.0	0.0	0.0	1.0	1.0	0.0	1.0	1.0	5.0	0.0	0.0	0.0	2.0	0.0	0.0	0.0	0.0	0.0	0.0	0.0	0.0	0.0	0.0	0.0	0.0	0.0	0.0	0.0	0.0	0.0	0.0	0.0	0.0	0.0	0.0	0.0	0.0	0.0	0.0	0.0	0.0	0.0	0.0	0.0	0.0	0.0	0.0	1.0	0.0	0.0	0.0	0.0	0.0	0.0	2.0	2.0	1.0	2.0	0.0	0.0	2.0
k__Bacteria;p__Firmicutes;c__Clostridia;o__Clostridiales;Other;Other	2.0	0.0	0.0	0.0	0.0	0.0	0.0	0.0	8.0	0.0	0.0	2.0	3.0	7.0	1.0	0.0	0.0	0.0	1.0	0.0	10.0	0.0	2.0	1.0	0.0	0.0	0.0	0.0	1.0	7.0	1.0	0.0	0.0	0.0	0.0	1.0	0.0	0.0	0.0	1.0	7.0	1.0	2.0	10.0	0.0	0.0	5.0	0.0	4.0	3.0	0.0	8.0	1.0	2.0	0.0	0.0	0.0	0.0	1.0	0.0	1.0	5.0	7.0	1.0	6.0	3.0	3.0	2.0	0.0	1.0	1.0	0.0	10.0	4.0	0.0	3.0	2.0	5.0	2.0	4.0	0.0	0.0	1.0	5.0	0.0	0.0	0.0	1.0	0.0	0.0	0.0	0.0	0.0	1.0	7.0	0.0
k__Bacteria;p__Firmicutes;c__Clostridia;o__Clostridiales;f__;g__	85.0	38.0	130.0	103.0	17.0	76.0	21.0	28.0	31.0	10.0	30.0	289.0	22.0	87.0	38.0	95.0	38.0	36.0	74.0	52.0	114.0	160.0	97.0	21.0	90.0	24.0	82.0	23.0	81.0	89.0	45.0	29.0	38.0	21.0	47.0	39.0	51.0	17.0	51.0	77.0	233.0	76.0	77.0	129.0	28.0	118.0	79.0	15.0	374.0	25.0	118.0	52.0	73.0	40.0	288.0	61.0	20.0	29.0	62.0	39.0	180.0	77.0	579.0	151.0	193.0	200.0	266.0	85.0	41.0	8.0	197.0	33.0	1023.0	224.0	33.0	82.0	31.0	81.0	57.0	264.0	107.0	19.0	33.0	132.0	21.0	74.0	21.0	65.0	67.0	71.0	47.0	49.0	64.0	39.0	643.0	166.0
k__Bacteria;p__Firmicutes;c__Clostridia;o__Clostridiales;f__Clostridiaceae;Other	0.0	0.0	0.0	0.0	0.0	0.0	0.0	0.0	0.0	0.0	0.0	0.0	0.0	0.0	0.0	0.0	0.0	0.0	0.0	0.0	1.0	0.0	0.0	0.0	0.0	0.0	0.0	0.0	1.0	0.0	0.0	0.0	0.0	0.0	0.0	0.0	0.0	0.0	0.0	0.0	1.0	3.0	0.0	5.0	1.0	0.0	2.0	0.0	0.0	0.0	0.0	1.0	0.0	0.0	0.0	0.0	0.0	0.0	2.0	8.0	1.0	0.0	16.0	0.0	0.0	0.0	20.0	1.0	0.0	0.0	4.0	8.0	0.0	0.0	0.0	0.0	0.0	10.0	0.0	0.0	5.0	0.0	0.0	3.0	0.0	0.0	0.0	0.0	0.0	0.0	0.0	0.0	0.0	0.0	0.0	0.0
k__Bacteria;p__Firmicutes;c__Clostridia;o__Clostridiales;f__Clostridiaceae;g__	4.0	4.0	0.0	0.0	1.0	44.0	1.0	2.0	79.0	1.0	1.0	5.0	5.0	11.0	2.0	1.0	3.0	4.0	9.0	4.0	29.0	7.0	3.0	1.0	2.0	2.0	1.0	11.0	3.0	22.0	6.0	0.0	4.0	1.0	9.0	10.0	6.0	4.0	0.0	0.0	20.0	182.0	167.0	225.0	0.0	17.0	77.0	4.0	39.0	18.0	0.0	48.0	15.0	56.0	18.0	0.0	4.0	43.0	184.0	422.0	30.0	60.0	552.0	25.0	56.0	21.0	544.0	12.0	127.0	18.0	214.0	306.0	26.0	32.0	63.0	9.0	20.0	660.0	0.0	10.0	153.0	1.0	37.0	98.0	0.0	0.0	2.0	1.0	1.0	2.0	6.0	8.0	2.0	14.0	136.0	1.0
k__Bacteria;p__Firmicutes;c__Clostridia;o__Clostridiales;f__Clostridiaceae;g__Clostridium	0.0	0.0	0.0	0.0	0.0	0.0	0.0	5.0	0.0	0.0	0.0	0.0	0.0	0.0	0.0	0.0	0.0	0.0	0.0	0.0	0.0	0.0	0.0	0.0	0.0	0.0	0.0	0.0	2.0	0.0	0.0	0.0	0.0	0.0	0.0	3.0	0.0	0.0	15.0	0.0	4.0	1.0	0.0	3.0	2.0	9.0	0.0	6.0	0.0	0.0	0.0	5.0	4.0	1.0	0.0	0.0	0.0	3.0	0.0	0.0	0.0	0.0	1.0	0.0	0.0	0.0	0.0	1.0	0.0	0.0	0.0	0.0	1.0	0.0	0.0	0.0	0.0	0.0	0.0	15.0	0.0	0.0	2.0	1.0	0.0	0.0	0.0	0.0	0.0	0.0	0.0	0.0	0.0	0.0	0.0	0.0
k__Bacteria;p__Firmicutes;c__Clostridia;o__Clostridiales;f__Clostridiaceae;g__SMB53	0.0	0.0	0.0	0.0	0.0	0.0	0.0	0.0	0.0	0.0	0.0	0.0	0.0	0.0	0.0	0.0	0.0	0.0	0.0	0.0	1.0	0.0	0.0	0.0	0.0	0.0	0.0	0.0	0.0	0.0	0.0	0.0	0.0	0.0	0.0	0.0	0.0	0.0	0.0	0.0	0.0	0.0	0.0	0.0	0.0	0.0	0.0	0.0	0.0	1.0	0.0	1.0	0.0	0.0	0.0	0.0	0.0	0.0	0.0	0.0	0.0	0.0	0.0	0.0	0.0	0.0	0.0	1.0	0.0	0.0	0.0	0.0	0.0	0.0	0.0	0.0	0.0	0.0	0.0	0.0	0.0	0.0	0.0	0.0	0.0	0.0	0.0	0.0	0.0	0.0	0.0	0.0	0.0	0.0	3.0	0.0
k__Bacteria;p__Firmicutes;c__Clostridia;o__Clostridiales;f__Dehalobacteriaceae;g__Dehalobacterium	0.0	0.0	0.0	0.0	0.0	0.0	0.0	1.0	0.0	0.0	0.0	0.0	0.0	0.0	0.0	0.0	0.0	0.0	0.0	0.0	0.0	0.0	0.0	0.0	0.0	0.0	1.0	0.0	0.0	0.0	2.0	1.0	0.0	0.0	0.0	0.0	0.0	0.0	0.0	0.0	0.0	1.0	0.0	0.0	0.0	0.0	0.0	0.0	0.0	0.0	0.0	0.0	0.0	0.0	0.0	0.0	0.0	0.0	0.0	0.0	0.0	0.0	0.0	0.0	0.0	0.0	0.0	0.0	0.0	0.0	0.0	0.0	0.0	0.0	0.0	0.0	0.0	0.0	0.0	0.0	0.0	0.0	0.0	0.0	0.0	0.0	0.0	0.0	0.0	0.0	0.0	0.0	0.0	0.0	0.0	0.0
k__Bacteria;p__Firmicutes;c__Clostridia;o__Clostridiales;f__Lachnospiraceae;Other	0.0	0.0	0.0	13.0	0.0	1.0	0.0	0.0	0.0	0.0	0.0	3.0	0.0	0.0	0.0	0.0	0.0	0.0	0.0	0.0	0.0	1.0	1.0	0.0	0.0	0.0	0.0	0.0	0.0	0.0	0.0	1.0	0.0	1.0	0.0	0.0	0.0	0.0	28.0	1.0	52.0	5.0	2.0	16.0	1.0	0.0	30.0	0.0	1.0	1.0	2.0	0.0	0.0	3.0	0.0	0.0	0.0	0.0	28.0	59.0	0.0	0.0	9.0	29.0	17.0	20.0	0.0	0.0	9.0	29.0	0.0	0.0	63.0	81.0	0.0	3.0	2.0	13.0	1.0	163.0	0.0	4.0	0.0	8.0	0.0	0.0	0.0	0.0	2.0	0.0	0.0	0.0	1.0	0.0	0.0	1.0
k__Bacteria;p__Firmicutes;c__Clostridia;o__Clostridiales;f__Lachnospiraceae;g__	0.0	2.0	1.0	85.0	5.0	0.0	6.0	48.0	4.0	0.0	3.0	0.0	2.0	3.0	2.0	0.0	2.0	1.0	2.0	0.0	0.0	2.0	1.0	0.0	3.0	3.0	0.0	4.0	0.0	0.0	103.0	2.0	5.0	0.0	3.0	1.0	0.0	0.0	375.0	5.0	575.0	69.0	241.0	13.0	53.0	98.0	396.0	61.0	502.0	119.0	35.0	546.0	454.0	48.0	201.0	86.0	59.0	157.0	48.0	276.0	162.0	41.0	1118.0	210.0	434.0	71.0	223.0	158.0	61.0	151.0	23.0	52.0	224.0	13.0	40.0	13.0	16.0	142.0	58.0	81.0	24.0	54.0	315.0	298.0	77.0	6.0	0.0	2.0	2.0	2.0	6.0	4.0	0.0	1.0	428.0	32.0
k__Bacteria;p__Firmicutes;c__Clostridia;o__Clostridiales;f__Lachnospiraceae;g__Butyrivibrio	0.0	0.0	0.0	0.0	0.0	0.0	0.0	0.0	0.0	0.0	0.0	0.0	0.0	0.0	0.0	0.0	0.0	0.0	0.0	0.0	0.0	0.0	0.0	0.0	0.0	0.0	0.0	0.0	0.0	0.0	0.0	0.0	0.0	0.0	0.0	0.0	0.0	0.0	0.0	0.0	0.0	0.0	0.0	0.0	0.0	0.0	0.0	0.0	0.0	0.0	0.0	0.0	0.0	0.0	0.0	0.0	0.0	0.0	0.0	0.0	0.0	0.0	0.0	0.0	1.0	0.0	0.0	0.0	0.0	0.0	0.0	0.0	0.0	0.0	0.0	0.0	0.0	0.0	0.0	0.0	0.0	0.0	0.0	0.0	0.0	0.0	0.0	0.0	0.0	0.0	0.0	0.0	0.0	0.0	0.0	0.0
k__Bacteria;p__Firmicutes;c__Clostridia;o__Clostridiales;f__Lachnospiraceae;g__Coprococcus	0.0	0.0	0.0	0.0	0.0	0.0	0.0	0.0	0.0	0.0	0.0	0.0	0.0	0.0	0.0	0.0	0.0	0.0	0.0	0.0	0.0	0.0	1.0	0.0	0.0	0.0	0.0	2.0	0.0	0.0	0.0	0.0	0.0	0.0	0.0	0.0	0.0	0.0	0.0	0.0	0.0	0.0	0.0	0.0	1.0	0.0	1.0	0.0	0.0	0.0	0.0	0.0	0.0	0.0	0.0	0.0	0.0	0.0	0.0	0.0	0.0	0.0	0.0	0.0	0.0	0.0	0.0	0.0	0.0	0.0	0.0	0.0	0.0	0.0	0.0	0.0	0.0	0.0	0.0	0.0	0.0	0.0	0.0	2.0	0.0	0.0	0.0	0.0	0.0	0.0	0.0	0.0	0.0	0.0	0.0	0.0
k__Bacteria;p__Firmicutes;c__Clostridia;o__Clostridiales;f__Lachnospiraceae;g__Dorea	1.0	0.0	2.0	0.0	0.0	0.0	0.0	0.0	0.0	0.0	0.0	0.0	0.0	0.0	0.0	0.0	0.0	0.0	0.0	0.0	0.0	0.0	0.0	0.0	0.0	0.0	0.0	0.0	0.0	0.0	0.0	0.0	0.0	1.0	0.0	0.0	0.0	0.0	0.0	0.0	2.0	0.0	0.0	0.0	0.0	0.0	0.0	1.0	1.0	0.0	0.0	0.0	0.0	0.0	0.0	0.0	1.0	0.0	0.0	1.0	0.0	2.0	0.0	2.0	0.0	1.0	0.0	1.0	0.0	0.0	0.0	0.0	0.0	1.0	0.0	0.0	0.0	1.0	0.0	2.0	0.0	1.0	0.0	1.0	0.0	0.0	0.0	1.0	0.0	0.0	0.0	0.0	1.0	0.0	0.0	0.0
k__Bacteria;p__Firmicutes;c__Clostridia;o__Clostridiales;f__Lachnospiraceae;g__Epulopiscium	0.0	0.0	0.0	0.0	1.0	0.0	1.0	0.0	0.0	0.0	0.0	1.0	0.0	1.0	0.0	0.0	0.0	0.0	1.0	0.0	0.0	0.0	0.0	1.0	0.0	0.0	0.0	0.0	0.0	0.0	1.0	1.0	0.0	0.0	0.0	0.0	2.0	1.0	0.0	1.0	667.0	63.0	325.0	84.0	282.0	395.0	1617.0	324.0	954.0	523.0	8.0	293.0	294.0	50.0	9.0	42.0	42.0	21.0	8.0	2014.0	56.0	191.0	42.0	0.0	2.0	91.0	1.0	198.0	1.0	286.0	362.0	0.0	3.0	85.0	30.0	1.0	7.0	30.0	0.0	0.0	48.0	7.0	99.0	1351.0	206.0	0.0	0.0	0.0	0.0	1.0	0.0	0.0	0.0	882.0	127.0	12.0
k__Bacteria;p__Firmicutes;c__Clostridia;o__Clostridiales;f__Lachnospiraceae;g__[Ruminococcus]	1.0	1.0	5.0	9.0	2.0	4.0	0.0	6.0	0.0	0.0	4.0	5.0	2.0	3.0	5.0	1.0	5.0	2.0	0.0	1.0	4.0	1.0	1.0	1.0	1.0	2.0	9.0	4.0	2.0	2.0	10.0	2.0	1.0	0.0	6.0	1.0	5.0	1.0	1.0	9.0	36.0	14.0	30.0	7.0	3.0	6.0	13.0	5.0	12.0	18.0	12.0	15.0	8.0	1.0	8.0	20.0	3.0	14.0	10.0	6.0	12.0	2.0	37.0	6.0	11.0	15.0	39.0	18.0	1.0	2.0	9.0	15.0	27.0	13.0	3.0	8.0	3.0	2.0	5.0	11.0	8.0	2.0	6.0	23.0	0.0	3.0	2.0	5.0	0.0	1.0	0.0	3.0	7.0	10.0	8.0	2.0
k__Bacteria;p__Firmicutes;c__Clostridia;o__Clostridiales;f__Peptostreptococcaceae;Other	0.0	0.0	0.0	0.0	0.0	2.0	0.0	0.0	0.0	0.0	0.0	0.0	0.0	0.0	0.0	0.0	0.0	0.0	0.0	0.0	0.0	0.0	0.0	0.0	0.0	0.0	0.0	0.0	0.0	0.0	0.0	0.0	0.0	0.0	0.0	0.0	0.0	0.0	0.0	0.0	0.0	0.0	0.0	0.0	0.0	0.0	0.0	0.0	0.0	0.0	0.0	0.0	0.0	0.0	0.0	0.0	0.0	0.0	0.0	0.0	0.0	0.0	0.0	0.0	0.0	0.0	0.0	0.0	0.0	0.0	0.0	0.0	0.0	0.0	0.0	0.0	0.0	0.0	0.0	0.0	0.0	0.0	0.0	0.0	0.0	0.0	0.0	0.0	0.0	0.0	0.0	0.0	0.0	0.0	0.0	0.0
k__Bacteria;p__Firmicutes;c__Clostridia;o__Clostridiales;f__Peptostreptococcaceae;g__	198.0	0.0	184.0	0.0	0.0	1.0	11.0	0.0	2.0	33.0	0.0	113.0	0.0	2.0	1.0	0.0	0.0	1.0	0.0	86.0	52.0	0.0	1.0	0.0	1.0	89.0	1.0	0.0	0.0	1.0	1.0	290.0	0.0	0.0	1.0	0.0	0.0	0.0	0.0	0.0	0.0	1.0	0.0	36.0	0.0	31.0	1.0	1.0	0.0	0.0	1.0	3.0	35.0	3.0	0.0	0.0	39.0	0.0	0.0	0.0	0.0	2.0	2.0	0.0	0.0	0.0	0.0	0.0	0.0	3.0	1.0	0.0	1.0	1.0	0.0	0.0	0.0	1.0	0.0	0.0	1.0	0.0	0.0	0.0	0.0	0.0	0.0	0.0	0.0	0.0	0.0	1.0	0.0	0.0	3.0	0.0
k__Bacteria;p__Firmicutes;c__Clostridia;o__Clostridiales;f__Ruminococcaceae;Other	0.0	0.0	0.0	0.0	0.0	0.0	0.0	0.0	0.0	0.0	0.0	0.0	0.0	0.0	0.0	0.0	0.0	0.0	0.0	0.0	0.0	0.0	0.0	0.0	0.0	0.0	0.0	0.0	0.0	0.0	0.0	0.0	0.0	0.0	0.0	0.0	0.0	0.0	1.0	0.0	2.0	0.0	0.0	0.0	0.0	0.0	0.0	0.0	0.0	0.0	0.0	1.0	0.0	0.0	0.0	0.0	0.0	1.0	0.0	0.0	0.0	0.0	1.0	0.0	0.0	0.0	0.0	0.0	1.0	0.0	0.0	0.0	0.0	0.0	0.0	0.0	0.0	0.0	0.0	0.0	0.0	1.0	0.0	1.0	0.0	0.0	0.0	0.0	0.0	0.0	0.0	0.0	0.0	0.0	3.0	0.0
k__Bacteria;p__Firmicutes;c__Clostridia;o__Clostridiales;f__Ruminococcaceae;g__	3.0	2.0	3.0	7.0	2.0	1.0	2.0	2.0	11.0	0.0	1.0	8.0	0.0	0.0	1.0	1.0	1.0	1.0	2.0	2.0	0.0	1.0	8.0	0.0	0.0	1.0	2.0	5.0	14.0	3.0	4.0	2.0	5.0	5.0	9.0	5.0	6.0	4.0	30.0	3.0	53.0	10.0	27.0	5.0	5.0	9.0	31.0	9.0	43.0	9.0	7.0	23.0	5.0	2.0	44.0	44.0	4.0	3.0	21.0	29.0	26.0	6.0	46.0	55.0	24.0	21.0	21.0	14.0	74.0	12.0	26.0	0.0	32.0	4.0	6.0	43.0	4.0	55.0	6.0	2.0	2.0	10.0	14.0	60.0	1.0	3.0	0.0	1.0	1.0	4.0	2.0	2.0	2.0	3.0	7.0	17.0
k__Bacteria;p__Firmicutes;c__Clostridia;o__Clostridiales;f__Ruminococcaceae;g__Anaerotruncus	0.0	0.0	0.0	0.0	0.0	0.0	0.0	0.0	0.0	0.0	0.0	0.0	0.0	0.0	0.0	0.0	0.0	0.0	0.0	0.0	0.0	0.0	0.0	0.0	0.0	0.0	0.0	0.0	0.0	0.0	0.0	0.0	0.0	0.0	0.0	0.0	0.0	0.0	0.0	0.0	4.0	1.0	0.0	11.0	7.0	12.0	3.0	13.0	1.0	4.0	1.0	23.0	21.0	5.0	0.0	1.0	5.0	6.0	4.0	1.0	9.0	6.0	4.0	18.0	7.0	2.0	0.0	2.0	1.0	3.0	8.0	2.0	10.0	9.0	0.0	0.0	0.0	0.0	0.0	13.0	0.0	2.0	7.0	5.0	2.0	0.0	0.0	0.0	0.0	0.0	0.0	1.0	0.0	0.0	22.0	22.0
k__Bacteria;p__Firmicutes;c__Clostridia;o__Clostridiales;f__Ruminococcaceae;g__Oscillospira	1.0	1.0	4.0	23.0	0.0	0.0	1.0	2.0	1.0	4.0	0.0	2.0	1.0	3.0	3.0	2.0	0.0	0.0	0.0	1.0	1.0	2.0	3.0	0.0	0.0	1.0	0.0	4.0	2.0	3.0	3.0	5.0	2.0	4.0	5.0	0.0	1.0	3.0	24.0	32.0	83.0	33.0	49.0	8.0	20.0	8.0	88.0	14.0	190.0	17.0	49.0	26.0	32.0	42.0	165.0	54.0	18.0	5.0	47.0	15.0	25.0	10.0	282.0	89.0	57.0	160.0	73.0	51.0	87.0	16.0	26.0	32.0	29.0	34.0	20.0	36.0	15.0	58.0	43.0	79.0	20.0	41.0	46.0	79.0	23.0	0.0	0.0	0.0	4.0	0.0	1.0	0.0	1.0	1.0	252.0	52.0
k__Bacteria;p__Firmicutes;c__Clostridia;o__Clostridiales;f__Ruminococcaceae;g__Ruminococcus	117.0	35.0	18.0	206.0	189.0	1.0	1.0	206.0	0.0	0.0	4.0	43.0	0.0	2.0	1.0	2.0	0.0	11.0	93.0	3.0	0.0	0.0	217.0	1.0	47.0	1.0	0.0	2.0	59.0	32.0	466.0	0.0	109.0	7.0	78.0	149.0	138.0	0.0	227.0	124.0	322.0	20.0	124.0	290.0	49.0	51.0	219.0	35.0	288.0	109.0	72.0	412.0	75.0	38.0	105.0	204.0	310.0	196.0	72.0	129.0	326.0	29.0	133.0	84.0	238.0	81.0	659.0	149.0	20.0	146.0	48.0	28.0	111.0	275.0	39.0	14.0	31.0	95.0	120.0	175.0	44.0	277.0	150.0	247.0	33.0	0.0	4.0	1.0	269.0	13.0	29.0	17.0	185.0	1.0	227.0	144.0
k__Bacteria;p__Firmicutes;c__Clostridia;o__Clostridiales;f__[Mogibacteriaceae];g__	0.0	0.0	0.0	0.0	0.0	0.0	0.0	0.0	0.0	0.0	0.0	0.0	0.0	0.0	0.0	0.0	0.0	0.0	0.0	0.0	0.0	0.0	0.0	0.0	0.0	0.0	0.0	0.0	0.0	0.0	1.0	0.0	0.0	0.0	0.0	0.0	0.0	0.0	0.0	0.0	0.0	0.0	0.0	0.0	0.0	0.0	0.0	0.0	0.0	0.0	0.0	0.0	0.0	0.0	0.0	0.0	0.0	0.0	0.0	0.0	0.0	0.0	0.0	0.0	0.0	0.0	0.0	0.0	0.0	0.0	0.0	0.0	0.0	0.0	0.0	0.0	0.0	0.0	0.0	0.0	0.0	0.0	0.0	0.0	0.0	0.0	0.0	0.0	0.0	0.0	0.0	0.0	0.0	0.0	2.0	0.0
k__Bacteria;p__Firmicutes;c__Erysipelotrichi;o__Erysipelotrichales;f__Erysipelotrichaceae;g__	1.0	0.0	2.0	13.0	0.0	0.0	0.0	5.0	0.0	0.0	0.0	1.0	0.0	0.0	2.0	0.0	0.0	0.0	28.0	0.0	0.0	0.0	0.0	0.0	15.0	0.0	4.0	3.0	4.0	4.0	2.0	0.0	0.0	0.0	1.0	4.0	0.0	0.0	52.0	1.0	499.0	55.0	179.0	139.0	20.0	18.0	98.0	60.0	24.0	102.0	40.0	237.0	189.0	86.0	53.0	61.0	42.0	75.0	43.0	148.0	41.0	32.0	78.0	45.0	160.0	31.0	337.0	21.0	70.0	17.0	45.0	123.0	43.0	124.0	71.0	3.0	4.0	16.0	19.0	14.0	31.0	26.0	197.0	232.0	37.0	32.0	0.0	2.0	1.0	1.0	0.0	0.0	6.0	0.0	55.0	22.0
k__Bacteria;p__Firmicutes;c__Erysipelotrichi;o__Erysipelotrichales;f__Erysipelotrichaceae;g__Allobaculum	473.0	1069.0	98.0	688.0	519.0	1047.0	917.0	966.0	896.0	1076.0	1466.0	151.0	298.0	763.0	601.0	1196.0	635.0	1272.0	99.0	873.0	39.0	663.0	1078.0	767.0	710.0	1046.0	287.0	702.0	279.0	275.0	449.0	656.0	1666.0	818.0	694.0	525.0	759.0	568.0	795.0	521.0	539.0	394.0	311.0	758.0	118.0	360.0	68.0	341.0	1133.0	181.0	97.0	1166.0	196.0	686.0	91.0	373.0	186.0	165.0	315.0	349.0	135.0	572.0	827.0	244.0	557.0	755.0	843.0	209.0	192.0	271.0	60.0	1851.0	1153.0	932.0	122.0	793.0	113.0	129.0	1956.0	157.0	584.0	957.0	48.0	339.0	718.0	156.0	910.0	493.0	717.0	117.0	588.0	135.0	202.0	122.0	110.0	81.0
k__Bacteria;p__Firmicutes;c__Erysipelotrichi;o__Erysipelotrichales;f__Erysipelotrichaceae;g__Clostridium	0.0	0.0	0.0	0.0	0.0	0.0	0.0	0.0	0.0	0.0	0.0	0.0	0.0	0.0	0.0	0.0	0.0	0.0	0.0	0.0	0.0	0.0	0.0	0.0	0.0	0.0	0.0	0.0	0.0	0.0	0.0	0.0	0.0	0.0	0.0	1.0	0.0	0.0	1.0	0.0	1.0	0.0	0.0	1.0	0.0	0.0	2.0	0.0	0.0	1.0	0.0	0.0	2.0	1.0	0.0	0.0	0.0	0.0	3.0	0.0	0.0	0.0	2.0	0.0	0.0	0.0	0.0	0.0	1.0	0.0	0.0	0.0	0.0	0.0	0.0	0.0	0.0	0.0	0.0	0.0	1.0	0.0	3.0	0.0	0.0	0.0	0.0	0.0	0.0	0.0	0.0	0.0	0.0	0.0	1.0	0.0
k__Bacteria;p__Fusobacteria;c__Fusobacteriia;o__Fusobacteriales;f__Fusobacteriaceae;g__Cetobacterium	5.0	5.0	0.0	2.0	2.0	4.0	11.0	11.0	8.0	4.0	7.0	3.0	8.0	7.0	8.0	4.0	2.0	2.0	6.0	4.0	11.0	3.0	14.0	6.0	3.0	2.0	4.0	5.0	5.0	1.0	8.0	5.0	11.0	3.0	5.0	12.0	6.0	3.0	5.0	4.0	9.0	2.0	3.0	5.0	5.0	4.0	14.0	4.0	0.0	4.0	5.0	0.0	9.0	8.0	4.0	8.0	4.0	6.0	5.0	13.0	13.0	6.0	3.0	2.0	4.0	2.0	16.0	2.0	5.0	4.0	9.0	10.0	5.0	1.0	2.0	5.0	6.0	8.0	8.0	4.0	6.0	7.0	11.0	7.0	7.0	3.0	6.0	12.0	8.0	7.0	4.0	15.0	6.0	5.0	5.0	2.0
k__Bacteria;p__Proteobacteria;c__Alphaproteobacteria;o__Rhizobiales;f__;g__	0.0	0.0	0.0	0.0	0.0	0.0	0.0	0.0	0.0	0.0	1.0	0.0	0.0	0.0	0.0	0.0	0.0	0.0	0.0	0.0	0.0	0.0	0.0	0.0	0.0	0.0	0.0	0.0	0.0	0.0	0.0	0.0	0.0	0.0	0.0	0.0	0.0	0.0	0.0	0.0	0.0	0.0	0.0	0.0	0.0	0.0	0.0	0.0	0.0	0.0	0.0	0.0	0.0	0.0	0.0	0.0	0.0	0.0	1.0	0.0	0.0	0.0	0.0	0.0	0.0	0.0	0.0	0.0	0.0	0.0	0.0	0.0	1.0	0.0	0.0	0.0	0.0	0.0	0.0	0.0	0.0	0.0	0.0	0.0	0.0	0.0	0.0	0.0	0.0	0.0	0.0	0.0	0.0	0.0	0.0	0.0
k__Bacteria;p__Proteobacteria;c__Alphaproteobacteria;o__Rhizobiales;f__Bradyrhizobiaceae;g__	0.0	0.0	0.0	0.0	0.0	0.0	0.0	0.0	0.0	0.0	0.0	0.0	0.0	0.0	0.0	0.0	0.0	0.0	0.0	0.0	0.0	0.0	0.0	0.0	0.0	0.0	0.0	0.0	0.0	0.0	0.0	0.0	0.0	0.0	0.0	0.0	0.0	0.0	0.0	0.0	0.0	0.0	0.0	0.0	0.0	0.0	0.0	0.0	0.0	0.0	0.0	0.0	0.0	0.0	0.0	0.0	0.0	0.0	0.0	0.0	0.0	0.0	0.0	0.0	0.0	0.0	0.0	0.0	0.0	0.0	0.0	0.0	0.0	0.0	0.0	0.0	0.0	0.0	0.0	0.0	0.0	0.0	0.0	1.0	0.0	0.0	0.0	0.0	0.0	0.0	0.0	0.0	0.0	0.0	0.0	0.0
k__Bacteria;p__Proteobacteria;c__Alphaproteobacteria;o__Rhizobiales;f__Brucellaceae;g__Ochrobactrum	0.0	0.0	0.0	0.0	0.0	0.0	0.0	0.0	0.0	0.0	0.0	0.0	0.0	0.0	0.0	0.0	0.0	0.0	0.0	0.0	0.0	0.0	0.0	0.0	0.0	0.0	0.0	0.0	0.0	0.0	0.0	0.0	0.0	0.0	0.0	0.0	0.0	0.0	0.0	0.0	0.0	0.0	0.0	0.0	0.0	0.0	0.0	0.0	0.0	0.0	0.0	0.0	0.0	0.0	0.0	0.0	0.0	0.0	0.0	1.0	0.0	0.0	0.0	0.0	0.0	0.0	0.0	0.0	0.0	0.0	0.0	0.0	0.0	0.0	0.0	0.0	0.0	0.0	0.0	0.0	0.0	0.0	0.0	0.0	0.0	0.0	0.0	0.0	0.0	0.0	0.0	0.0	0.0	0.0	0.0	0.0
k__Bacteria;p__Proteobacteria;c__Alphaproteobacteria;o__Rhodobacterales;f__Rhodobacteraceae;Other	0.0	0.0	0.0	0.0	0.0	0.0	0.0	0.0	0.0	0.0	0.0	0.0	0.0	0.0	0.0	0.0	0.0	0.0	0.0	0.0	0.0	0.0	0.0	0.0	0.0	0.0	0.0	0.0	0.0	0.0	0.0	0.0	0.0	0.0	0.0	0.0	0.0	1.0	0.0	0.0	0.0	0.0	0.0	0.0	0.0	0.0	0.0	0.0	0.0	0.0	0.0	0.0	0.0	0.0	0.0	0.0	0.0	0.0	0.0	0.0	0.0	0.0	0.0	0.0	0.0	0.0	0.0	0.0	0.0	0.0	0.0	0.0	0.0	0.0	0.0	0.0	0.0	0.0	0.0	0.0	0.0	0.0	0.0	0.0	0.0	0.0	0.0	0.0	0.0	0.0	0.0	0.0	0.0	0.0	0.0	0.0
k__Bacteria;p__Proteobacteria;c__Alphaproteobacteria;o__Rhodobacterales;f__Rhodobacteraceae;g__	0.0	0.0	0.0	0.0	0.0	0.0	0.0	0.0	0.0	0.0	0.0	0.0	0.0	0.0	0.0	0.0	0.0	0.0	0.0	0.0	0.0	0.0	0.0	1.0	0.0	0.0	0.0	0.0	0.0	0.0	0.0	0.0	0.0	0.0	0.0	0.0	0.0	0.0	0.0	0.0	0.0	0.0	0.0	0.0	0.0	0.0	0.0	0.0	0.0	0.0	0.0	0.0	0.0	0.0	0.0	0.0	0.0	0.0	0.0	0.0	0.0	0.0	0.0	0.0	1.0	0.0	0.0	0.0	0.0	0.0	1.0	0.0	0.0	0.0	0.0	0.0	0.0	0.0	0.0	0.0	0.0	0.0	0.0	0.0	0.0	0.0	0.0	0.0	0.0	0.0	1.0	0.0	0.0	0.0	0.0	0.0
k__Bacteria;p__Proteobacteria;c__Alphaproteobacteria;o__Rhodobacterales;f__Rhodobacteraceae;g__Rhodobacter	0.0	0.0	0.0	0.0	0.0	0.0	1.0	0.0	0.0	0.0	0.0	0.0	0.0	0.0	0.0	0.0	0.0	0.0	0.0	0.0	0.0	0.0	0.0	0.0	0.0	0.0	0.0	0.0	0.0	0.0	0.0	0.0	0.0	0.0	0.0	0.0	0.0	0.0	0.0	0.0	0.0	0.0	0.0	0.0	0.0	0.0	0.0	0.0	0.0	0.0	0.0	0.0	0.0	0.0	0.0	0.0	0.0	0.0	0.0	0.0	0.0	0.0	0.0	0.0	0.0	0.0	0.0	0.0	0.0	0.0	0.0	0.0	0.0	0.0	0.0	0.0	0.0	0.0	0.0	0.0	0.0	0.0	0.0	0.0	0.0	0.0	0.0	0.0	0.0	0.0	0.0	0.0	0.0	0.0	0.0	0.0
k__Bacteria;p__Proteobacteria;c__Betaproteobacteria;o__Burkholderiales;f__Comamonadaceae;Other	0.0	0.0	0.0	0.0	0.0	0.0	0.0	0.0	0.0	0.0	0.0	0.0	0.0	0.0	0.0	0.0	0.0	0.0	0.0	0.0	0.0	0.0	0.0	0.0	0.0	0.0	0.0	0.0	0.0	0.0	0.0	0.0	0.0	0.0	0.0	0.0	0.0	0.0	0.0	0.0	0.0	0.0	0.0	0.0	0.0	0.0	0.0	0.0	0.0	0.0	0.0	0.0	0.0	0.0	0.0	0.0	0.0	0.0	1.0	0.0	0.0	0.0	0.0	0.0	0.0	0.0	0.0	0.0	1.0	0.0	1.0	0.0	0.0	0.0	0.0	0.0	0.0	0.0	0.0	1.0	0.0	0.0	0.0	0.0	0.0	0.0	0.0	0.0	0.0	0.0	0.0	0.0	0.0	0.0	0.0	0.0
k__Bacteria;p__Proteobacteria;c__Betaproteobacteria;o__Burkholderiales;f__Comamonadaceae;g__	1.0	0.0	0.0	0.0	0.0	0.0	1.0	4.0	0.0	0.0	1.0	0.0	1.0	0.0	0.0	2.0	0.0	0.0	1.0	1.0	2.0	0.0	1.0	2.0	1.0	0.0	0.0	0.0	0.0	0.0	1.0	0.0	0.0	0.0	0.0	1.0	0.0	3.0	1.0	0.0	2.0	1.0	0.0	0.0	0.0	0.0	1.0	4.0	1.0	0.0	1.0	0.0	0.0	0.0	0.0	1.0	0.0	0.0	3.0	1.0	1.0	0.0	1.0	1.0	1.0	0.0	1.0	0.0	0.0	0.0	0.0	0.0	0.0	0.0	1.0	0.0	2.0	0.0	0.0	1.0	1.0	0.0	0.0	0.0	0.0	0.0	1.0	2.0	1.0	0.0	1.0	1.0	1.0	3.0	2.0	0.0
k__Bacteria;p__Proteobacteria;c__Betaproteobacteria;o__Burkholderiales;f__Comamonadaceae;g__Delftia	0.0	0.0	0.0	0.0	0.0	0.0	0.0	0.0	0.0	0.0	0.0	0.0	0.0	0.0	0.0	1.0	0.0	0.0	0.0	0.0	0.0	0.0	0.0	0.0	0.0	0.0	0.0	0.0	0.0	1.0	0.0	0.0	0.0	0.0	0.0	0.0	0.0	0.0	0.0	0.0	0.0	0.0	0.0	0.0	0.0	0.0	0.0	0.0	0.0	0.0	0.0	0.0	0.0	0.0	0.0	0.0	0.0	0.0	0.0	0.0	0.0	0.0	0.0	0.0	0.0	0.0	0.0	0.0	0.0	0.0	0.0	0.0	0.0	0.0	0.0	0.0	0.0	0.0	0.0	0.0	0.0	0.0	0.0	0.0	0.0	0.0	0.0	0.0	0.0	0.0	0.0	0.0	0.0	0.0	0.0	0.0
k__Bacteria;p__Proteobacteria;c__Betaproteobacteria;o__Burkholderiales;f__Oxalobacteraceae;g__	0.0	0.0	0.0	0.0	0.0	0.0	0.0	0.0	0.0	0.0	2.0	0.0	1.0	0.0	0.0	0.0	0.0	0.0	0.0	1.0	0.0	0.0	0.0	0.0	1.0	0.0	0.0	0.0	0.0	0.0	0.0	1.0	0.0	0.0	0.0	0.0	0.0	0.0	0.0	0.0	0.0	0.0	0.0	0.0	0.0	0.0	0.0	0.0	0.0	0.0	0.0	0.0	0.0	0.0	0.0	0.0	0.0	0.0	0.0	0.0	0.0	0.0	0.0	0.0	0.0	0.0	0.0	0.0	0.0	0.0	0.0	0.0	0.0	0.0	0.0	0.0	0.0	0.0	0.0	0.0	0.0	1.0	0.0	0.0	0.0	1.0	0.0	0.0	0.0	0.0	0.0	0.0	0.0	0.0	0.0	0.0
k__Bacteria;p__Proteobacteria;c__Betaproteobacteria;o__Neisseriales;f__Neisseriaceae;Other	0.0	0.0	0.0	0.0	0.0	0.0	0.0	0.0	0.0	0.0	0.0	0.0	1.0	0.0	0.0	0.0	0.0	0.0	0.0	1.0	0.0	0.0	0.0	1.0	0.0	1.0	0.0	0.0	0.0	1.0	0.0	0.0	0.0	0.0	0.0	0.0	0.0	0.0	1.0	0.0	1.0	0.0	0.0	0.0	0.0	0.0	1.0	0.0	0.0	0.0	0.0	0.0	1.0	2.0	0.0	0.0	0.0	1.0	0.0	0.0	0.0	0.0	0.0	0.0	0.0	0.0	0.0	1.0	0.0	0.0	0.0	0.0	0.0	0.0	0.0	0.0	0.0	0.0	0.0	0.0	0.0	0.0	1.0	0.0	0.0	0.0	0.0	0.0	0.0	0.0	0.0	0.0	1.0	0.0	0.0	0.0
k__Bacteria;p__Proteobacteria;c__Betaproteobacteria;o__Neisseriales;f__Neisseriaceae;g__Chitinilyticum	0.0	0.0	0.0	1.0	0.0	0.0	0.0	0.0	0.0	0.0	0.0	0.0	0.0	0.0	0.0	0.0	0.0	0.0	0.0	0.0	0.0	0.0	0.0	0.0	0.0	0.0	0.0	0.0	0.0	0.0	0.0	0.0	1.0	0.0	0.0	0.0	0.0	0.0	0.0	0.0	0.0	0.0	0.0	0.0	0.0	0.0	0.0	0.0	0.0	0.0	0.0	0.0	0.0	0.0	0.0	0.0	0.0	0.0	0.0	0.0	0.0	0.0	0.0	1.0	0.0	0.0	0.0	0.0	0.0	0.0	0.0	0.0	0.0	0.0	0.0	1.0	0.0	0.0	0.0	0.0	0.0	0.0	0.0	0.0	0.0	0.0	0.0	0.0	0.0	0.0	0.0	0.0	0.0	0.0	0.0	0.0
k__Bacteria;p__Proteobacteria;c__Betaproteobacteria;o__Neisseriales;f__Neisseriaceae;g__Vogesella	0.0	0.0	0.0	0.0	0.0	0.0	0.0	0.0	0.0	0.0	0.0	0.0	0.0	0.0	0.0	0.0	0.0	0.0	0.0	0.0	0.0	0.0	0.0	0.0	0.0	0.0	0.0	0.0	0.0	0.0	0.0	0.0	0.0	0.0	0.0	0.0	0.0	0.0	0.0	0.0	0.0	0.0	0.0	0.0	0.0	0.0	0.0	0.0	0.0	0.0	0.0	0.0	0.0	0.0	0.0	0.0	0.0	0.0	0.0	1.0	0.0	0.0	0.0	0.0	0.0	0.0	0.0	0.0	0.0	0.0	0.0	0.0	1.0	0.0	0.0	0.0	0.0	0.0	0.0	0.0	0.0	0.0	0.0	0.0	0.0	0.0	0.0	0.0	1.0	0.0	0.0	0.0	0.0	0.0	1.0	0.0
k__Bacteria;p__Proteobacteria;c__Deltaproteobacteria;o__Bdellovibrionales;f__Bdellovibrionaceae;g__Bdellovibrio	0.0	0.0	0.0	0.0	0.0	0.0	0.0	0.0	0.0	0.0	0.0	0.0	0.0	0.0	0.0	0.0	0.0	0.0	0.0	0.0	0.0	0.0	0.0	0.0	0.0	0.0	0.0	0.0	0.0	0.0	0.0	0.0	0.0	0.0	0.0	0.0	0.0	0.0	0.0	0.0	0.0	0.0	0.0	0.0	0.0	0.0	0.0	0.0	0.0	0.0	0.0	0.0	0.0	0.0	0.0	0.0	0.0	0.0	0.0	0.0	0.0	0.0	0.0	0.0	0.0	0.0	0.0	0.0	0.0	0.0	0.0	0.0	0.0	0.0	0.0	0.0	0.0	0.0	0.0	0.0	0.0	0.0	0.0	0.0	1.0	0.0	0.0	0.0	0.0	0.0	0.0	0.0	0.0	0.0	0.0	0.0
k__Bacteria;p__Proteobacteria;c__Gammaproteobacteria;Other;Other;Other	0.0	0.0	0.0	0.0	1.0	0.0	0.0	1.0	0.0	0.0	1.0	0.0	0.0	0.0	0.0	0.0	0.0	0.0	0.0	0.0	0.0	0.0	0.0	1.0	0.0	0.0	0.0	0.0	0.0	0.0	1.0	0.0	1.0	0.0	0.0	0.0	0.0	0.0	1.0	1.0	2.0	0.0	0.0	0.0	0.0	1.0	0.0	0.0	0.0	1.0	1.0	1.0	0.0	1.0	0.0	0.0	1.0	0.0	1.0	0.0	2.0	0.0	0.0	0.0	0.0	0.0	0.0	1.0	0.0	0.0	0.0	1.0	4.0	0.0	1.0	0.0	0.0	0.0	0.0	1.0	0.0	0.0	0.0	0.0	1.0	0.0	1.0	0.0	1.0	0.0	2.0	1.0	0.0	0.0	2.0	1.0
k__Bacteria;p__Proteobacteria;c__Gammaproteobacteria;o__Aeromonadales;f__Aeromonadaceae;Other	1.0	0.0	0.0	0.0	0.0	0.0	1.0	0.0	0.0	0.0	0.0	2.0	0.0	0.0	0.0	0.0	0.0	0.0	0.0	0.0	0.0	0.0	0.0	1.0	1.0	0.0	0.0	1.0	0.0	0.0	0.0	1.0	0.0	0.0	0.0	2.0	0.0	0.0	0.0	0.0	0.0	0.0	0.0	1.0	0.0	1.0	0.0	0.0	0.0	0.0	0.0	1.0	1.0	0.0	0.0	0.0	0.0	0.0	0.0	0.0	0.0	0.0	0.0	0.0	0.0	0.0	1.0	0.0	0.0	0.0	0.0	1.0	1.0	0.0	0.0	0.0	0.0	0.0	0.0	0.0	0.0	0.0	0.0	0.0	0.0	0.0	0.0	0.0	1.0	0.0	0.0	0.0	1.0	0.0	0.0	0.0
k__Bacteria;p__Proteobacteria;c__Gammaproteobacteria;o__Aeromonadales;f__Aeromonadaceae;g__	2.0	3.0	4.0	4.0	3.0	5.0	14.0	16.0	13.0	6.0	9.0	7.0	8.0	12.0	11.0	6.0	5.0	1.0	5.0	5.0	12.0	3.0	5.0	8.0	5.0	6.0	6.0	2.0	5.0	7.0	6.0	8.0	9.0	10.0	9.0	11.0	0.0	2.0	7.0	7.0	13.0	13.0	6.0	4.0	6.0	5.0	13.0	13.0	4.0	5.0	5.0	2.0	12.0	11.0	3.0	11.0	3.0	5.0	10.0	15.0	8.0	11.0	8.0	3.0	6.0	3.0	10.0	5.0	5.0	4.0	7.0	12.0	8.0	8.0	5.0	9.0	3.0	7.0	10.0	3.0	18.0	4.0	6.0	4.0	2.0	12.0	5.0	8.0	9.0	8.0	12.0	12.0	7.0	11.0	3.0	3.0
k__Bacteria;p__Proteobacteria;c__Gammaproteobacteria;o__Alteromonadales;f__Alteromonadaceae;g__Cellvibrio	0.0	1.0	0.0	0.0	0.0	3.0	1.0	0.0	0.0	0.0	0.0	0.0	0.0	0.0	1.0	1.0	0.0	0.0	1.0	1.0	1.0	0.0	0.0	0.0	0.0	0.0	0.0	0.0	0.0	0.0	0.0	0.0	0.0	0.0	1.0	1.0	0.0	0.0	1.0	0.0	0.0	1.0	1.0	0.0	1.0	0.0	0.0	0.0	0.0	0.0	0.0	1.0	2.0	2.0	0.0	0.0	1.0	0.0	0.0	1.0	0.0	1.0	2.0	0.0	0.0	0.0	0.0	0.0	0.0	1.0	0.0	0.0	1.0	0.0	0.0	0.0	0.0	0.0	0.0	0.0	0.0	0.0	0.0	0.0	0.0	0.0	0.0	1.0	0.0	0.0	0.0	0.0	1.0	0.0	0.0	1.0
k__Bacteria;p__Proteobacteria;c__Gammaproteobacteria;o__Alteromonadales;f__Shewanellaceae;g__Shewanella	0.0	0.0	1.0	1.0	2.0	0.0	0.0	5.0	0.0	2.0	2.0	1.0	2.0	2.0	4.0	3.0	0.0	2.0	1.0	2.0	3.0	1.0	1.0	3.0	1.0	2.0	1.0	1.0	1.0	1.0	2.0	1.0	1.0	3.0	2.0	1.0	0.0	0.0	3.0	1.0	1.0	0.0	0.0	0.0	2.0	1.0	0.0	2.0	0.0	2.0	2.0	0.0	2.0	3.0	1.0	2.0	1.0	0.0	2.0	4.0	5.0	4.0	0.0	1.0	1.0	1.0	4.0	0.0	1.0	2.0	3.0	2.0	4.0	0.0	0.0	0.0	0.0	2.0	2.0	2.0	1.0	2.0	2.0	1.0	0.0	3.0	0.0	3.0	3.0	1.0	3.0	4.0	2.0	4.0	0.0	2.0
k__Bacteria;p__Proteobacteria;c__Gammaproteobacteria;o__Alteromonadales;f__[Chromatiaceae];g__	0.0	0.0	0.0	0.0	0.0	0.0	0.0	0.0	0.0	0.0	0.0	0.0	0.0	0.0	0.0	0.0	0.0	0.0	0.0	0.0	0.0	0.0	0.0	0.0	0.0	0.0	0.0	0.0	0.0	0.0	0.0	0.0	0.0	0.0	0.0	0.0	0.0	0.0	0.0	0.0	0.0	0.0	0.0	0.0	0.0	0.0	0.0	0.0	0.0	0.0	0.0	0.0	0.0	0.0	0.0	1.0	0.0	0.0	0.0	1.0	0.0	0.0	0.0	0.0	0.0	0.0	0.0	0.0	0.0	0.0	0.0	0.0	0.0	0.0	0.0	0.0	0.0	0.0	0.0	0.0	0.0	0.0	0.0	0.0	0.0	0.0	0.0	0.0	0.0	0.0	0.0	0.0	0.0	0.0	0.0	0.0
k__Bacteria;p__Proteobacteria;c__Gammaproteobacteria;o__Alteromonadales;f__[Chromatiaceae];g__Rheinheimera	0.0	0.0	0.0	0.0	0.0	1.0	2.0	1.0	1.0	0.0	2.0	0.0	0.0	1.0	4.0	1.0	1.0	1.0	1.0	1.0	2.0	0.0	2.0	0.0	1.0	0.0	0.0	1.0	1.0	0.0	0.0	1.0	3.0	1.0	0.0	1.0	2.0	0.0	2.0	0.0	0.0	3.0	1.0	0.0	2.0	0.0	1.0	0.0	0.0	0.0	1.0	0.0	3.0	0.0	1.0	1.0	1.0	1.0	2.0	2.0	0.0	1.0	0.0	0.0	0.0	1.0	1.0	0.0	0.0	1.0	2.0	3.0	0.0	1.0	1.0	0.0	0.0	0.0	0.0	0.0	0.0	0.0	3.0	1.0	0.0	3.0	0.0	0.0	1.0	1.0	1.0	1.0	1.0	2.0	0.0	0.0
k__Bacteria;p__Proteobacteria;c__Gammaproteobacteria;o__Enterobacteriales;f__Enterobacteriaceae;Other	0.0	0.0	0.0	0.0	0.0	0.0	0.0	0.0	0.0	0.0	0.0	0.0	0.0	0.0	0.0	0.0	0.0	0.0	0.0	0.0	0.0	0.0	0.0	0.0	0.0	0.0	0.0	0.0	0.0	0.0	0.0	0.0	0.0	0.0	0.0	0.0	0.0	0.0	0.0	0.0	0.0	0.0	0.0	0.0	0.0	0.0	0.0	0.0	0.0	0.0	0.0	0.0	0.0	0.0	0.0	0.0	0.0	0.0	0.0	0.0	0.0	0.0	0.0	0.0	0.0	0.0	0.0	0.0	0.0	0.0	0.0	0.0	0.0	0.0	1.0	0.0	0.0	0.0	0.0	0.0	0.0	0.0	0.0	0.0	0.0	0.0	0.0	0.0	0.0	0.0	0.0	0.0	0.0	0.0	0.0	0.0
k__Bacteria;p__Proteobacteria;c__Gammaproteobacteria;o__Enterobacteriales;f__Enterobacteriaceae;g__	0.0	0.0	0.0	0.0	0.0	0.0	0.0	1.0	0.0	0.0	0.0	0.0	0.0	0.0	0.0	0.0	0.0	0.0	0.0	0.0	0.0	0.0	0.0	0.0	0.0	0.0	0.0	0.0	0.0	0.0	0.0	0.0	0.0	0.0	0.0	0.0	0.0	0.0	0.0	0.0	0.0	1.0	0.0	0.0	0.0	0.0	0.0	0.0	0.0	0.0	0.0	0.0	0.0	0.0	0.0	0.0	0.0	0.0	1.0	0.0	0.0	0.0	0.0	0.0	0.0	0.0	0.0	0.0	0.0	0.0	0.0	0.0	0.0	0.0	0.0	0.0	0.0	0.0	0.0	0.0	0.0	0.0	0.0	0.0	0.0	0.0	0.0	0.0	0.0	0.0	0.0	1.0	0.0	0.0	0.0	0.0
k__Bacteria;p__Proteobacteria;c__Gammaproteobacteria;o__Enterobacteriales;f__Enterobacteriaceae;g__Plesiomonas	1.0	1.0	0.0	3.0	1.0	4.0	6.0	5.0	4.0	1.0	6.0	2.0	3.0	4.0	7.0	2.0	2.0	1.0	1.0	1.0	4.0	0.0	3.0	2.0	2.0	1.0	2.0	1.0	1.0	1.0	5.0	1.0	6.0	4.0	2.0	6.0	3.0	0.0	4.0	6.0	4.0	4.0	1.0	2.0	4.0	2.0	5.0	2.0	1.0	2.0	4.0	2.0	6.0	2.0	0.0	1.0	2.0	5.0	3.0	6.0	11.0	5.0	3.0	0.0	2.0	0.0	3.0	1.0	0.0	0.0	5.0	6.0	4.0	2.0	1.0	1.0	1.0	3.0	1.0	1.0	1.0	0.0	1.0	1.0	1.0	5.0	4.0	4.0	5.0	3.0	3.0	7.0	6.0	4.0	4.0	4.0
k__Bacteria;p__Proteobacteria;c__Gammaproteobacteria;o__Legionellales;f__;g__	0.0	0.0	0.0	0.0	0.0	0.0	0.0	0.0	0.0	0.0	0.0	0.0	0.0	0.0	0.0	0.0	0.0	0.0	0.0	0.0	0.0	0.0	0.0	0.0	0.0	0.0	0.0	0.0	0.0	0.0	0.0	0.0	0.0	0.0	0.0	0.0	0.0	0.0	0.0	0.0	0.0	0.0	0.0	0.0	0.0	0.0	1.0	0.0	0.0	0.0	0.0	0.0	0.0	0.0	0.0	0.0	0.0	0.0	0.0	0.0	0.0	0.0	0.0	0.0	0.0	0.0	0.0	0.0	0.0	0.0	0.0	0.0	0.0	0.0	0.0	0.0	0.0	0.0	0.0	0.0	0.0	0.0	0.0	0.0	0.0	0.0	0.0	0.0	0.0	0.0	0.0	0.0	0.0	0.0	0.0	0.0
k__Bacteria;p__Proteobacteria;c__Gammaproteobacteria;o__Pseudomonadales;f__Moraxellaceae;g__	0.0	0.0	0.0	0.0	0.0	0.0	0.0	0.0	0.0	0.0	0.0	0.0	0.0	0.0	0.0	0.0	0.0	0.0	0.0	0.0	0.0	1.0	0.0	0.0	0.0	0.0	0.0	0.0	0.0	0.0	0.0	0.0	0.0	0.0	0.0	0.0	0.0	0.0	0.0	0.0	0.0	0.0	0.0	0.0	0.0	0.0	0.0	0.0	0.0	0.0	0.0	0.0	0.0	0.0	0.0	0.0	0.0	0.0	0.0	0.0	0.0	0.0	0.0	0.0	0.0	0.0	0.0	0.0	0.0	0.0	0.0	0.0	0.0	0.0	0.0	0.0	0.0	0.0	0.0	0.0	0.0	0.0	0.0	0.0	0.0	0.0	0.0	0.0	0.0	0.0	0.0	0.0	0.0	0.0	0.0	0.0
k__Bacteria;p__Proteobacteria;c__Gammaproteobacteria;o__Pseudomonadales;f__Pseudomonadaceae;g__	0.0	0.0	0.0	0.0	0.0	0.0	0.0	0.0	0.0	0.0	0.0	0.0	0.0	0.0	0.0	0.0	0.0	0.0	0.0	0.0	0.0	0.0	2.0	0.0	0.0	0.0	0.0	0.0	0.0	0.0	0.0	0.0	0.0	0.0	0.0	0.0	0.0	0.0	0.0	0.0	1.0	0.0	0.0	1.0	1.0	0.0	0.0	0.0	0.0	0.0	0.0	0.0	0.0	0.0	0.0	1.0	0.0	0.0	0.0	0.0	0.0	0.0	0.0	0.0	0.0	0.0	0.0	0.0	0.0	0.0	0.0	0.0	0.0	0.0	0.0	0.0	0.0	0.0	0.0	0.0	0.0	0.0	0.0	0.0	0.0	0.0	0.0	0.0	0.0	0.0	0.0	0.0	0.0	0.0	0.0	0.0
k__Bacteria;p__Proteobacteria;c__Gammaproteobacteria;o__Pseudomonadales;f__Pseudomonadaceae;g__Pseudomonas	0.0	0.0	0.0	1.0	1.0	0.0	2.0	5.0	0.0	0.0	0.0	2.0	0.0	1.0	1.0	0.0	0.0	1.0	0.0	1.0	0.0	0.0	0.0	0.0	0.0	0.0	0.0	0.0	0.0	1.0	0.0	0.0	1.0	2.0	2.0	0.0	0.0	1.0	1.0	0.0	0.0	0.0	1.0	0.0	0.0	0.0	1.0	0.0	2.0	0.0	2.0	0.0	1.0	2.0	0.0	1.0	1.0	3.0	2.0	0.0	2.0	0.0	1.0	0.0	1.0	0.0	0.0	0.0	1.0	0.0	5.0	0.0	1.0	0.0	1.0	0.0	0.0	1.0	0.0	0.0	1.0	0.0	4.0	0.0	1.0	2.0	0.0	0.0	3.0	0.0	1.0	2.0	0.0	0.0	0.0	0.0
k__Bacteria;p__Proteobacteria;c__Gammaproteobacteria;o__Xanthomonadales;f__Xanthomonadaceae;g__Stenotrophomonas	0.0	0.0	0.0	0.0	0.0	0.0	0.0	1.0	0.0	0.0	0.0	0.0	0.0	0.0	0.0	0.0	0.0	0.0	0.0	0.0	0.0	0.0	0.0	0.0	0.0	0.0	0.0	0.0	0.0	0.0	0.0	0.0	0.0	0.0	0.0	0.0	0.0	0.0	0.0	0.0	0.0	0.0	0.0	0.0	0.0	0.0	0.0	0.0	0.0	0.0	0.0	0.0	0.0	0.0	0.0	1.0	0.0	0.0	0.0	0.0	0.0	0.0	0.0	0.0	0.0	0.0	0.0	0.0	0.0	0.0	0.0	0.0	0.0	0.0	0.0	0.0	0.0	0.0	0.0	0.0	0.0	0.0	0.0	0.0	0.0	0.0	0.0	0.0	0.0	0.0	0.0	0.0	0.0	0.0	0.0	0.0
k__Bacteria;p__Tenericutes;c__CK-1C4-19;o__;f__;g__	0.0	1.0	0.0	0.0	3.0	1.0	0.0	3.0	0.0	1.0	3.0	2.0	1.0	3.0	3.0	3.0	1.0	0.0	1.0	2.0	2.0	3.0	3.0	5.0	1.0	3.0	2.0	2.0	1.0	3.0	2.0	0.0	0.0	1.0	0.0	5.0	0.0	0.0	3.0	0.0	3.0	2.0	1.0	2.0	1.0	1.0	2.0	0.0	0.0	0.0	1.0	1.0	3.0	5.0	1.0	1.0	0.0	0.0	4.0	3.0	3.0	1.0	1.0	0.0	1.0	1.0	3.0	0.0	0.0	0.0	2.0	2.0	1.0	2.0	1.0	1.0	1.0	0.0	2.0	2.0	5.0	1.0	4.0	0.0	2.0	1.0	1.0	3.0	1.0	2.0	0.0	3.0	1.0	2.0	1.0	3.0
k__Bacteria;p__Tenericutes;c__Mollicutes;o__Anaeroplasmatales;f__Anaeroplasmataceae;g__Anaeroplasma	0.0	1.0	17.0	2.0	0.0	1.0	0.0	1.0	15.0	1.0	15.0	2.0	0.0	1.0	2.0	1.0	25.0	2.0	1.0	1.0	0.0	3.0	1.0	0.0	1.0	0.0	0.0	1.0	1.0	25.0	0.0	1.0	1.0	0.0	0.0	0.0	1.0	0.0	0.0	0.0	0.0	0.0	1.0	0.0	0.0	0.0	0.0	0.0	0.0	1.0	0.0	0.0	0.0	0.0	0.0	0.0	0.0	0.0	0.0	0.0	0.0	2.0	1.0	1.0	0.0	0.0	0.0	1.0	0.0	0.0	1.0	1.0	0.0	0.0	0.0	0.0	0.0	0.0	0.0	0.0	0.0	0.0	0.0	2.0	0.0	2.0	0.0	0.0	1.0	9.0	1.0	0.0	0.0	0.0	0.0	0.0
k__Bacteria;p__Tenericutes;c__Mollicutes;o__RF39;f__;g__	0.0	0.0	0.0	0.0	0.0	0.0	0.0	0.0	0.0	0.0	0.0	0.0	0.0	0.0	0.0	0.0	0.0	0.0	0.0	0.0	0.0	0.0	0.0	0.0	0.0	0.0	0.0	0.0	0.0	0.0	0.0	0.0	0.0	0.0	0.0	0.0	0.0	0.0	0.0	0.0	0.0	0.0	0.0	0.0	0.0	0.0	0.0	0.0	0.0	0.0	0.0	0.0	0.0	0.0	0.0	0.0	0.0	0.0	0.0	0.0	0.0	2.0	1.0	0.0	0.0	0.0	0.0	0.0	0.0	0.0	0.0	0.0	0.0	0.0	0.0	0.0	0.0	0.0	0.0	0.0	0.0	0.0	0.0	0.0	0.0	0.0	0.0	0.0	0.0	0.0	0.0	0.0	0.0	0.0	0.0	0.0
k__Bacteria;p__Verrucomicrobia;c__Verrucomicrobiae;o__Verrucomicrobiales;f__Verrucomicrobiaceae;g__Akkermansia	9722.0	7971.0	12359.0	8274.0	7780.0	10952.0	9073.0	6752.0	13022.0	10598.0	9381.0	8909.0	8992.0	10929.0	8447.0	8493.0	13611.0	10119.0	8399.0	8968.0	12360.0	9837.0	8311.0	7527.0	8297.0	8965.0	7972.0	7365.0	10235.0	11902.0	4894.0	7657.0	4295.0	8827.0	8687.0	10952.0	8998.0	10163.0	10818.0	7641.0	6911.0	9983.0	9329.0	9769.0	8691.0	9844.0	5747.0	8901.0	6270.0	9795.0	3151.0	5512.0	6987.0	7635.0	6328.0	6906.0	9432.0	7236.0	11147.0	4275.0	5320.0	10331.0	6489.0	9028.0	6647.0	9185.0	6062.0	9510.0	5954.0	5966.0	7680.0	7495.0	6639.0	8147.0	9796.0	11941.0	10651.0	9846.0	9288.0	6948.0	10606.0	10456.0	8442.0	7215.0	10531.0	9985.0	10719.0	7771.0	7714.0	9110.0	10774.0	7099.0	7288.0	9815.0	8674.0	8061.0
k__Bacteria;p__[Thermi];c__Deinococci;o__Deinococcales;f__Deinococcaceae;g__Deinococcus	0.0	0.0	0.0	0.0	0.0	0.0	0.0	0.0	0.0	0.0	0.0	0.0	0.0	0.0	0.0	0.0	0.0	0.0	0.0	0.0	0.0	0.0	0.0	0.0	0.0	0.0	0.0	0.0	0.0	0.0	0.0	1.0	0.0	0.0	0.0	0.0	0.0	0.0	0.0	0.0	0.0	0.0	0.0	0.0	0.0	0.0	0.0	0.0	0.0	0.0	0.0	0.0	0.0	0.0	0.0	0.0	0.0	0.0	0.0	0.0	0.0	0.0	1.0	0.0	0.0	0.0	0.0	0.0	0.0	0.0	0.0	0.0	0.0	0.0	0.0	0.0	0.0	0.0	0.0	0.0	0.0	0.0	0.0	0.0	0.0	0.0	0.0	0.0	0.0	0.0	0.0	0.0	0.0	0.0	0.0	0.0
